Internal_energy  =  -107078.28190194415 eV 
Entropy          =        0.00064818586 eV/K 
TS               =        0.19325661365 eV 
Helmholtz_energy =  -107078.47515855781 eV 
