Enthalpy         =     -611.93073054370 eV 
Entropy          =        0.00195748183 eV/K 
TS               =        0.58362320727 eV 
Gibbs_energy     =     -612.51435375097 eV 
