Internal_energy  =     -611.95638676854 eV 
Entropy          =        0.00113452469 ev/K 
TS               =        0.33825853707 eV 
Helmholtz_energy =     -612.29464530561 eV 
