Internal_energy  =     -612.26738045075 eV 
Entropy          =        0.00076513177 eV/K 
TS               =        0.22812403860 eV 
Helmholtz_energy =     -612.49550448935 eV 
